5
1
2
3
4
5
1.26 1.26 0.63
1.59 1.59 0.79
1.82 1.82 0.91
2.00 2.00 1.00
2.15 2.15 1.08
5
10
100
200
300
400
2.71 2.71 1.36
5.85 5.85 2.92
7.37 7.37 3.68
8.43 8.43 4.22
9.28 9.28 4.64
10
1000
2000
3000
4000
5000
6000
7000
8000
9000
10000
12.60 12.60 6.30
15.87 15.87 7.94
18.17 18.17 9.09
20.00 20.00 10.00
21.54 21.54 10.77
22.89 22.89 11.45
24.10 24.10 12.05
25.20 25.20 12.60
26.21 26.21 13.10
27.14 27.14 13.57
5
10000000000
1000000000000
100000000000000
10000000000000000
1000000000000000000
2714.42 2714.42 1357.21
12599.21 12599.21 6299.61
58480.35 58480.35 29240.18
271441.76 271441.76 135720.88
1259921.05 1259921.05 629960.52


