10
8 24 9
19 18 18 1
14 17 85 3
15 16 60 9
10 14 56 3
22 16 93 7
23 4 35 9
10 14 77 0
17 10 69 0
13 15 92 0
8 109 57
29 20 18 1
108 62 11 10
42 5 36 2
46 20 28 3
90 36 65 9
98 34 43 2
89 65 73 1
46 7 18 1
5 72 61 5
41 99 11 3
103 69 52 7
21 92 38 8
75 15 33 8
64 65 5 5
79 59 71 5
52 2 0 7
104 51 81 3
46 59 44 1
65 30 61 0
88 88 6 10
62 83 92 9
62 46 86 7
66 106 95 9
63 85 50 8
101 11 54 4
73 10 40 9
59 64 1 6
24 52 35 0
23 24 66 5
48 21 84 3
2 56 79 7
29 3 90 1
58 9 50 10
87 83 70 5
70 24 3 5
57 87 70 1
2 60 69 6
107 95 41 1
15 92 47 3
22 106 83 10
109 105 29 5
73 28 44 0
47 94 85 5
108 25 93 8
6 88 4 2
12 102 39 2
90 73 13 6
25 37 34 5
24 35 41 9
30 90 15 1
9 25 57 5
3 86 28 6
4 11 70 9
100 42 1 10
63 77 85 7
39 44 90 7
81 84 25 9
8 112 77
26 47 6 2
98 23 99 4
99 38 56 5
13 70 76 9
79 64 73 6
97 80 95 3
112 86 97 1
1 53 78 6
74 107 16 7
111 30 91 4
73 110 35 2
105 71 13 0
80 68 53 1
90 70 31 10
9 16 58 3
87 96 32 4
46 91 31 8
76 10 12 7
88 75 65 5
64 55 11 10
95 20 94 4
50 62 37 3
13 45 32 9
10 62 21 3
34 90 37 2
1 79 79 2
102 81 70 10
59 101 83 5
94 45 80 10
111 12 49 6
15 78 93 8
10 38 36 10
105 44 20 8
37 36 55 1
52 17 75 1
68 82 96 9
17 8 0 4
104 7 61 3
107 96 17 1
24 17 19 1
78 77 71 8
30 32 58 2
71 69 7 2
100 111 67 7
8 70 49 3
4 40 18 2
17 42 85 6
20 10 67 3
81 53 83 8
84 13 62 5
44 46 0 8
82 96 72 0
72 19 18 0
42 9 19 8
12 43 81 0
111 46 28 2
109 18 53 1
107 54 92 5
57 58 89 8
87 75 35 5
77 52 7 8
29 52 15 5
108 76 90 1
104 57 7 1
18 94 81 1
42 21 24 2
59 62 10 5
104 101 36 9
93 102 18 10
37 104 10 6
74 80 1 4
61 109 57 5
89 29 69 9
84 26 92 8
86 89 5 9
46 22 7 5
52 65 54 5
5 7 65
4 7 58 1
3 5 49 9
3 2 80 2
3 1 73 8
1 3 17 2
6 5 36 3
7 6 19 2
4 6 44 9
3 2 6 1
2 4 98 6
2 3 53 5
6 6 99 2
1 1 30 10
2 4 34 5
3 5 15 4
7 7 8 4
2 6 58 0
3 3 43 10
5 1 15 7
7 4 45 1
4 6 41 10
5 1 27 6
3 7 47 0
4 4 96 5
7 6 20 9
1 7 7 5
7 2 3 10
3 7 73 10
1 6 41 6
7 4 39 9
6 1 86 5
1 4 25 8
5 1 66 7
3 2 22 6
7 7 19 4
2 2 56 7
2 3 86 5
5 3 13 5
6 3 65 10
3 3 30 5
7 1 34 5
2 4 40 8
3 4 31 2
5 1 89 8
5 4 98 3
1 6 9 10
3 7 87 5
6 4 60 4
4 3 30 6
4 3 25 5
5 7 73 8
4 1 76 3
5 7 64 6
5 6 99 1
4 5 16 5
6 7 81 9
1 2 23 10
1 3 60 6
7 1 42 2
1 1 42 9
5 3 36 0
5 7 72 8
6 2 86 2
6 6 71 7
2 2 49 9
8 443 41
105 51 19 0
16 248 67 2
189 264 4 3
164 124 83 3
385 29 81 10
32 36 33 3
74 47 54 1
195 8 13 9
177 6 82 9
183 158 19 8
319 424 18 4
108 244 54 0
51 338 85 10
132 372 44 7
109 144 47 7
432 208 81 1
203 283 98 10
342 238 58 8
389 207 66 1
199 211 35 2
291 274 28 3
145 62 6 1
151 381 36 7
324 235 85 7
154 201 55 8
229 64 96 10
259 138 17 6
340 420 86 3
86 351 86 10
258 432 48 0
179 43 31 10
3 242 47 2
233 140 20 8
36 53 72 4
29 35 21 5
9 337 91 0
422 377 14 4
226 108 22 0
410 368 19 2
60 340 17 4
439 221 38 7
10 159 59
60 11 77 0
90 9 62 7
52 110 77 5
147 95 75 1
143 146 26 7
117 77 35 8
20 43 68 3
34 90 49 5
10 139 78 7
117 120 13 5
5 112 92 10
73 56 20 3
76 148 99 1
73 71 36 2
80 65 94 10
91 81 31 8
157 47 92 10
134 4 82 1
53 128 8 4
90 50 22 2
134 6 2 9
158 72 76 10
118 159 76 1
106 52 35 9
126 109 40 5
50 130 9 6
86 56 47 6
74 11 33 5
34 137 80 8
98 152 43 6
34 26 4 4
6 97 8 7
41 145 85 7
40 15 28 1
16 37 67 0
8 35 97 0
151 85 12 7
38 72 15 0
73 86 8 1
143 155 89 3
53 62 30 7
62 138 64 2
100 136 68 8
135 64 45 2
93 117 24 2
69 72 61 5
25 52 60 5
19 13 5 0
21 8 17 5
23 28 29 8
143 26 92 0
9 45 3 4
127 105 78 6
71 82 40 4
25 36 71 2
35 96 78 7
144 58 32 7
90 13 28 9
131 103 19 4
5 285 87
165 121 5 8
277 44 22 0
133 133 48 9
51 106 27 1
14 21 33 10
267 109 69 6
250 140 30 8
201 216 100 10
196 132 17 7
83 31 19 9
221 69 87 1
217 118 83 2
121 60 50 8
130 275 11 0
141 39 68 1
36 262 31 4
40 18 83 4
61 145 6 3
180 227 69 8
69 238 4 9
87 11 92 9
96 96 54 4
191 44 85 6
245 236 32 10
167 151 34 1
58 60 53 5
177 171 79 4
186 224 74 10
138 128 18 6
123 54 14 3
180 25 41 3
238 273 85 3
272 94 58 5
143 209 27 6
177 80 53 3
230 19 75 0
8 136 42 10
108 245 15 5
255 185 49 2
215 126 75 4
129 22 93 8
40 70 5 6
224 177 82 1
86 39 95 0
83 93 29 0
170 101 84 3
74 198 77 7
31 18 91 6
164 158 30 2
263 162 63 4
158 161 7 6
147 32 24 2
258 99 99 8
80 91 45 1
228 70 44 2
47 77 25 4
26 196 17 8
126 54 81 0
183 58 26 2
174 217 56 2
222 15 21 0
118 19 34 3
249 135 22 0
277 46 73 3
17 161 52 9
19 71 43 0
15 225 89 7
150 148 88 3
32 30 24 4
215 162 85 0
36 202 38 5
103 140 31 6
232 124 86 0
270 153 35 2
17 210 97 2
280 132 17 8
107 94 84 9
241 127 34 5
134 126 70 4
270 191 2 4
276 198 23 4
5 145 46 0
66 172 5 4
138 96 50 8
95 200 32 6
3 279 24 5
33 89 51 3
1 387 91
2 163 91 2
229 383 27 7
9 158 11 2
95 122 53 9
139 6 36 5
135 137 9 10
79 210 11 7
250 25 52 0
107 136 77 10
168 141 59 0
204 276 14 1
40 210 11 5
193 289 59 9
108 296 40 0
116 200 82 5
246 281 29 5
75 86 17 0
106 160 88 4
322 215 72 9
305 4 78 3
36 50 86 2
347 351 13 10
214 32 52 0
292 327 13 5
232 299 12 7
326 76 21 9
51 239 4 2
197 135 90 6
360 16 74 0
52 88 20 2
235 221 49 7
355 365 73 1
89 10 82 6
105 214 34 5
200 336 46 3
340 375 49 6
273 251 1 2
129 372 16 4
4 227 16 3
170 123 43 6
285 110 59 10
43 40 64 4
382 217 47 9
355 22 24 3
8 153 59 4
92 44 24 1
83 9 10 5
16 20 24 2
261 53 93 6
119 95 15 6
175 85 73 2
21 227 48 2
148 2 54 5
387 187 31 0
224 19 6 4
331 2 84 1
196 173 49 8
83 65 59 2
279 256 4 1
45 122 19 5
81 189 10 1
71 246 89 8
143 45 93 4
160 319 52 7
231 140 8 3
232 322 29 6
199 379 40 10
134 298 3 4
317 50 65 4
289 361 17 10
294 372 75 8
256 362 28 2
85 120 66 6
242 380 29 9
176 210 93 6
149 106 30 4
170 194 73 9
26 196 100 4
319 231 73 10
366 209 74 1
215 2 35 5
336 57 25 1
31 5 89 4
111 355 96 8
78 176 3 8
355 107 86 9
214 124 22 3
7 244 18 8
268 169 43 5
120 245 50 9
318 124 74 3
5 291 61
258 43 12 4
226 141 94 10
40 243 71 8
118 12 98 6
145 180 88 3
146 98 53 0
79 8 69 0
257 266 93 5
79 64 92 10
21 104 98 10
283 135 62 0
153 169 11 5
242 69 89 6
286 216 71 4
201 275 62 6
284 224 39 7
104 79 52 7
126 155 65 5
74 43 19 8
120 178 40 1
67 102 28 0
284 211 82 0
143 214 88 3
49 220 20 6
187 18 94 10
40 120 100 7
251 144 85 1
105 148 93 6
63 196 20 6
9 260 29 9
21 132 55 2
150 277 35 5
189 74 39 4
290 234 84 2
206 5 29 1
56 18 59 2
96 238 3 2
64 74 35 4
249 22 96 6
176 247 64 4
275 122 45 4
105 270 79 5
214 42 51 1
74 135 7 3
42 90 45 1
47 67 99 10
89 138 73 8
161 98 62 8
35 10 92 0
30 116 23 8
266 57 77 5
127 89 83 9
77 169 42 8
289 187 97 5
264 125 78 2
3 211 65 8
230 140 90 0
183 73 33 7
74 121 60 10
44 174 9 3
98 280 19 6
4 362 86
201 66 63 3
273 57 71 9
135 222 4 8
199 319 91 0
218 287 94 9
65 126 75 9
317 8 70 2
119 201 11 10
129 248 67 8
53 256 41 1
11 100 94 2
320 120 22 0
242 214 81 6
56 182 57 10
136 10 95 5
291 81 85 5
290 360 5 9
149 328 35 1
339 178 24 1
157 353 43 10
206 273 99 2
340 226 29 0
122 28 75 9
3 240 38 3
159 264 18 7
258 189 45 4
337 3 98 8
278 126 19 0
246 148 33 5
280 91 54 3
334 341 7 9
34 244 58 0
169 193 37 5
132 314 4 2
181 219 4 7
224 185 57 2
10 261 61 3
17 166 35 0
344 148 80 0
133 210 68 1
270 31 84 10
302 280 88 6
286 32 28 6
315 23 1 6
108 317 48 9
112 306 17 1
323 112 67 4
106 89 37 10
284 33 71 9
273 222 8 2
219 110 41 6
203 47 40 6
303 37 54 7
97 199 85 2
320 180 39 1
177 23 72 5
275 105 0 5
327 103 21 9
147 44 5 0
323 133 1 7
232 237 26 5
283 85 62 9
257 311 54 7
265 346 21 5
178 164 69 1
81 80 23 8
112 162 77 6
78 349 54 1
132 297 4 6
316 35 16 3
296 115 60 9
344 135 73 6
170 139 58 6
294 137 50 1
29 77 98 1
16 231 6 9
114 331 17 1
257 313 53 6
109 297 100 7
86 111 56 1
299 332 44 9
333 93 79 10
56 140 5 9
14 234 7 7
168 103 87 9
226 288 21 6