1508
12
2736
9440
4918
3676
1766
4760
1510
6494
1204
2638
9838
4826
1900
7948
8862
5532
4068
2460
4470
2652
4648
1642
5180
8620
3744
910
678
6572
7560
2204
3154
9902
7132
2384
3980
1148
3882
9076
958
5682
3094
1854
4352
4764
2320
7836
2796
9936
8906
2876
3526
2482
6464
7302
8698
3778
3752
2314
8700
6600
1006
9702
6336
2310
3214
944
5846
9972
514
7494
8534
4518
9054
7702
386
6114
5080
6682
5072
8278
9436
3062
1600
7700
74
8844
7242
190
4314
1576
3958
1936
9752
5070
1018
8770
200
4622
