81 31
6517 6953 9023 8442 7489 3939 3693 2814 2538 4989 8638 5595 6979 4544 5946 3177 231 8347 2147 5360 1550 3961 6474 9533 510 2738 1811 455 1763 2468 230 6883 2642 6915 3559 6069 6970 5310 2216 1400 2413 788 8014 800 9982 8055 3553 6077 3306 4192 6056 2099 1996 292 8869 8104 92 2117 7420 6654 3768 1948 6090 4402 4358 3813 611 2771 5960 5179 3100 5495 6289 5767 9691 2346 2967 1651 812 8169 7769
3 3
6171 8625 3457
74 16
8334 6566 6410 8068 2528 1600 5625 1505 3662 1052 8226 3340 9385 1910 8754 448 753 1725 926 9580 187 84 4138 5351 1202 4410 7353 4356 3948 2700 7798 871 5646 2746 3330 7846 3794 631 8046 3571 6487 3860 2140 1721 4618 5472 209 2852 8324 7705 8862 4438 4596 9446 1199 3832 6095 2616 2419 6622 2725 4493 9038 926 309 71 427 1778 4068 3133 5174 1692 6778 6753
5 2
6418 4387 847 2465 7483
35 24
2491 1119 1163 2476 1367 4655 9969 158 4107 201 5557 5358 4377 4802 2151 9723 6197 197 1513 1108 834 5094 3150 7259 9226 3302 1075 4953 2051 7847 1267 7026 4878 5537 2518
35 17
1383 6750 8645 2747 8902 559 7865 2219 802 1723 9641 7089 4832 1999 7563 2985 845 1128 4031 9958 9312 7569 1951 8486 9278 828 4182 4392 8781 1299 7654 5276 8394 8254 5461
26 5
9923 8753 4276 166 7711 9731 3035 3577 1965 2408 8782 7659 6091 8041 9539 423 1908 2925 3859 7683 1628 1711 4173 5809 8765 674
15 1
6363 3598 7125 3243 7814 3087 2340 6891 1380 7420 4107 7545 8909 5351 9188
47 2
7661 5675 6588 984 1686 2422 1773 3945 141 3460 8665 7020 2529 4297 8749 9661 1594 2985 7703 1247 4192 6530 8814 2625 7144 5712 2386 1966 9968 8235 1670 8324 1022 9475 9595 6136 5555 7327 2383 8327 86 5954 6630 5472 4959 47 1927
73 40
991 6235 1999 7499 4401 8833 8330 9376 8561 9782 8943 9141 9563 6227 3136 2012 977 7719 5106 7071 9212 8902 5061 2735 2128 946 2249 9837 4035 8554 2031 9192 2032 528 430 7353 5574 1807 6583 4827 1030 652 6970 5840 5229 9804 7114 4063 5310 3767 1055 2178 4597 1035 1531 1359 3751 5572 1968 2581 8829 811 6687 8426 2707 8349 9731 9602 7932 6749 8528 403 9976
