5137 14
1296 82
5671 60
3818 29
4488 23
5835 10
1992 81
6936 45
3810 26
5723 86
2417 90
7811 80
8976 47
3246 96
4309 63
3066 48
8393 26
3817 81
3932 83
1011 17
3990 55
1232 85
4801 20
6806 66
4165 77
9359 94
132 37
31 26
8504 22
5589 91
3849 69
1888 58
1683 79
7940 87
9527 55
8188 42
5313 17
2242 12
2363 48
9213 69
5568 53
1899 25
2466 98
8127 89
3216 27
492 38
8866 66
1795 37
3911 65
809 91
4386 14
2925 45
1952 37
3496 79
6141 41
2470 81
1528 81
3652 46
9684 61
9339 27
9296 50
7676 54
8 54
4379 16
7661 33
5905 85
3268 49
8285 27
1083 69
4267 50
8737 16
3144 21
6470 57
5109 32
3808 78
858 21
2143 85
5964 74
3524 11
1186 78
7502 37
2420 38
2068 73
6661 10
1866 25
8467 18
46 92
6060 72
2338 79
3092 44
767 93
6436 73
4679 92
7125 92
1260 81
317 42
1680 23
1417 81
8444 82
3164 62
1605 26
183 83
5564 13
9834 38
1988 31
2905 30
3785 40
3618 72
5199 28
2030 20
2361 41
903 72
5964 17
8601 68
3955 42
2235 76
3428 56
5376 49
6386 33
1337 71
3029 80
6189 36
1687 31
5436 93
6752 30
1728 17
7108 32
325 38
7035 26
4315 41
7457 27
1034 13
3071 19
7413 76
6442 56
4001 58
6747 92
4760 69
1663 78
8713 90
4368 36
4675 60
307 58
2530 98
787 49
1848 93
3406 64
512 28
1022 66
1535 43
9723 53
6747 44
879 17
2305 52
2667 76
8530 10
3992 56
1198 29
5136 59
6948 12
2333 82
6359 53
9090 13
5413 57
2522 74
8693 85
5821 81
2287 47
682 68
8225 73
321 10
6526 75
6320 90
6265 35
369 35
4035 80
8770 13
2114 88
4629 84
8738 29
5417 93
6176 48
9929 93
1588 16
2323 79
2719 33
2011 34
2598 30
8497 53
7790 39
4848 69
808 40
8105 88
1854 92
5744 10
7279 59
3380 61
1447 60
4533 24
6643 42
3953 61
7236 76
6256 14
2130 64
1345 98
2786 37
3012 45
7003 82
3097 68
7429 46
8217 65
547 51
8228 89
9379 35
3258 87
6004 41
7406 91
9559 97
4408 91
7065 85
441 23
1216 49
9365 33
8915 28
5724 82
5327 73
6201 58
2919 90
991 97
3948 66
9792 11
942 89
6497 80
7649 27
5114 15
371 72
578 50
9373 72
6779 68
3865 38
1641 76
9443 31
3912 48
5955 62
1919 85
4841 51
7888 59
2057 63
4258 82
1338 96
8160 78
8810 96
7459 39
9268 85
5421 13
7428 70
2952 60
1082 45
8399 22
7774 38
3242 43
851 60
9664 48
2670 39
2936 61
7865 41
625 10
9091 21
1539 19
2011 61
3829 80
6205 98
2049 18
8955 37
2308 98
288 50
3642 32
5409 66
7306 34
2661 39
8461 55
7415 59
725 82
25 84
9724 12
6122 53
602 95
587 65
6700 53
879 12
8353 38
3666 49
8246 15
4892 98
1364 75
2933 27
1512 96
3739 59
1204 87
5905 26
901 10
299 99
5477 61
1991 92
9425 41
7614 55
4845 58
9100 58
8630 50
7547 30
6920 34
2647 10
914 22
6302 17
407 97
4822 67
2102 96
5107 49
9948 64
7321 15
9192 48
1791 48
8463 70
6037 11
3890 63
3495 48
2957 33
9218 91
8545 25
9207 15
7812 72
350 16
3415 88
5757 16
3880 86
7272 14
6953 19
6219 53
417 82
486 81
1266 84
8568 93
5755 86
9391 96
4430 94
5663 88
4660 48
8161 67
304 31
4862 87
8273 87
9101 91
7340 92
5577 35
282 76
1174 79
2750 34
7701 65
7193 32
2630 15
7809 42
1821 31
6095 54
1113 15
5753 77
5217 89
3120 36
2783 47
4202 18
1954 32
466 31
1694 72
6782 89
471 42
6449 39
4958 86
7138 11
8474 42
1790 18
1387 13
6426 70
1484 84
5083 54
2087 24
6137 73
9309 64
6209 90
53 42
8250 51
3861 90
6602 96
655 99
5626 63
8286 58
2551 30
9426 27
8203 43
199 48
5356 83
4572 86
2658 85
7315 57
8351 41
3588 25
6794 91
7800 10
8028 91
2259 16
4623 57
6864 80
9252 13
9459 98
3412 18
3611 45
729 35
6055 82
2494 39
1979 24
5028 88
6195 62
2966 66
8551 15
3935 74
1631 31
235 13
1689 20
2827 14
3977 76
9133 80
3072 97
9132 12
608 43
3587 15
2254 30
8280 72
8953 82
2071 38
9787 53
363 84
6126 94
5012 55
2112 53
2582 27
6490 78
3359 53
7341 58
7483 93
1630 71
8635 58
3428 71
1907 15
7807 11
323 23
8123 68
4489 71
8581 33
3492 10
3198 50
652 94
1534 11
1600 91
9819 49
9376 84
2473 93
1245 42
2036 25
3613 81
8652 42
1459 54
9280 52
8015 53
3935 22
3890 34
6346 79
2005 74
4670 57
4746 79
1313 63
2930 35
5819 95
4240 89
2647 22
5631 91
3945 60
128 55
3618 28
8246 33
9842 49
3638 47
5901 87
1672 89
5250 27
3971 55
40 99
4633 91
2601 56
9662 52
1076 27
1327 27
7165 53
2960 96
7208 54
8087 19
518 94
9383 94
8079 10
3055 67
881 62
6901 70
8855 51
3805 14
4782 43
1534 19
9476 48
1366 25
49 80
5805 89
2459 32
504 75
2900 40
9759 53
3735 67
2385 94
7428 46
2070 62
2487 68
2598 17
5344 18
7560 10
174 11
2013 38
8125 96
958 99
9186 21
9603 90
6020 96
4309 61
6670 63
5958 85
7314 16
2768 37
1376 34
3228 15
5527 10
7428 84
139 23
2362 20
5176 53
7163 93
4614 62
4014 27
8861 39
97 52
7019 12
5670 25
8452 93
4266 10
2297 68
9047 15
3132 62
4506 55
979 66
9879 82
1547 56
683 19
6142 91
739 26
2504 61
2331 44
631 81
6250 56
5313 27
9980 51
2203 21
703 15
1447 81
6914 75
7245 37
9323 54
7533 32
3160 85
275 61
4073 13
5212 88
6508 48
2457 62
8024 52
7858 97
846 64
2685 93
1676 75
7551 93
6452 85
7057 89
8286 18
5527 77
3753 55
3693 54
2215 26
114 35
3498 48
4858 10
1385 61
2607 19
8712 17
5512 15
3815 87
9548 80
6905 38
4249 78
5495 69
3408 87
8070 26
7715 91
663 69
5826 57
4462 50
370 52
5093 10
8799 74
2946 47
8787 59
9030 81
3800 21
2967 52
7290 53
4208 83
81 53
935 80
8302 57
4976 36
6451 52
1472 99
7864 55
2437 11
7771 27
3828 13
9095 32
2066 19
3225 77
9623 43
9295 33
8816 28
1009 18
852 31
6053 22
1850 21
2654 71
5817 84
1924 23
607 68
810 36
3622 25
6588 83
3268 17
6231 30
2 19
5245 35
1007 45
1609 39
1078 30
4513 53
2509 76
8890 69
767 31
9007 62
1325 91
1301 56
1040 27
7129 76
8578 81
2251 85
1982 56
303 69
5301 68
6625 60
1315 44
9097 89
2081 79
2335 80
8812 62
2977 80
213 60
9811 23
1243 93
8454 56
8470 33
4508 97
9893 42
9803 31
122 45
9056 17
4948 33
4326 90
222 70
6727 37
3350 19
9569 73
1889 36
9005 42
6909 48
172 58
7319 54
7251 90
1741 45
8186 88
2887 61
5695 12
114 17
3199 79
4956 86
9592 39
2535 94
4696 91
7640 74
9802 32
1631 53
371 12
4028 33
2984 61
3056 14
4531 21
4914 37
1589 51
1395 33
7821 57
4372 58
8410 84
3734 92
8910 17
6050 29
1379 89
2682 78
5171 87
1407 19
8002 91
3045 68
862 63
4820 47
2811 26
9825 83
4936 30
4924 78
5526 77
7995 14
170 72
1302 19
9472 12
388 83
4706 23
4023 70
6858 78
4596 64
1077 68
2358 65
3688 19
8418 69
8695 83
365 56
467 81
8349 88
8308 25
7646 66
9768 44
455 18
9915 73
7580 42
7895 88
885 94
6477 74
1806 70
7877 82
6640 87
659 16
2816 71
7627 58
1510 98
3333 64
4929 80
2820 57
570 76
212 26
614 46
4946 70
463 75
241 85
3045 10
1754 79
401 92
9795 56
4459 89
1347 56
1709 88
7125 25
5831 62
9131 92
404 25
8581 28
1725 92
1171 73
6636 89
5719 21
4324 97
2718 56
7599 63
4176 68
3080 86
9765 22
4090 99
4507 89
1400 83
5766 94
3311 29
6488 26
2345 24
5217 30
4692 24
3671 52
3954 87
7497 21
2577 42
4817 98
2062 98
2041 61
5781 42
6640 59
7213 19
813 87
7394 97
1730 51
5042 77
6756 48
3597 23
6730 68
3078 81
2773 96
1663 53
4607 71
2084 64
3895 14
7591 21
7627 92
9980 26
7847 67
1669 23
2285 25
6913 76
9253 35
1536 46
2168 39
8442 70
4551 12
9329 36
6610 98
9428 99
6534 44
2310 32
6213 65
3710 34
9772 35
7136 40
3537 54
652 57
1660 91
373 43
200 21
6853 63
7098 14
3103 92
2993 79
8741 25
9422 65
4715 61
5782 12
779 88
2213 68
4011 38
2742 38
92 86
6720 93
2260 36
147 35
719 19
5700 95
5889 37
8869 12
1967 26
5816 45
494 83
7125 65
3628 99
7354 53
1726 41
4563 47
826 15
3738 26
262 28
1504 38
5280 11
1133 41
879 33
1221 52
6650 92
5532 47
88 58
2906 55
3063 93
5634 43
625 74
1072 57
9580 46
4738 20
1121 38
5640 27
1376 70
6270 76
6641 71
7210 74
3166 10
1105 22
7615 30
8735 97
7190 50
1286 72
4108 77
6214 34
380 18
5534 22
9103 42
4099 16
9911 57
6703 61
2032 98
331 37
259 13
8864 90
9181 20
2089 79
9711 50
6797 88
8184 37
9645 16
1152 16
5737 71
2150 30
296 93
7389 75
9047 23
6818 78
2561 70
3969 49
6160 98
7336 53
2323 94
9932 53
2912 12
6379 48
1820 29
1586 48
441 89
192 48
591 45
3146 64
6479 60
2752 51
2211 99
3168 76
4138 59
3850 49
1731 20
9988 36
9703 45
1439 84
4444 97
2505 72
1303 77
4068 57
449 25
9350 98
4894 79
803 18
7770 42
5096 14
9429 49
9706 86
7249 92
9311 30
7193 83
7018 38
5556 46
4797 75
5466 30
2137 11
9974 89
3770 80
9517 87
2849 99
2366 96
9826 46
5226 75
