5126
23 987 16
2211 20500 22722
1051 3694 4073 5029 5076 5083 5090 5118 5124 5124 5124 5126 5126 5126 5126 5126 5126 5126 5126 5126 5126 5126 5126
1682
80 336 59
2758 12602 16005
1365 1495 1566 1582 1629 1651 1667 1674 1674 1674 1678 1678 1679 1682 1682 1682 1682 1682 1682 1682 1682 1682 1682 1682 1682 1682 1682 1682 1682 1682 1682 1682 1682 1682 1682 1682 1682 1682 1682 1682 1682 1682 1682 1682 1682 1682 1682 1682 1682 1682 1682 1682 1682 1682 1682 1682 1682 1682 1682 1682 1682 1682 1682 1682 1682 1682 1682 1682 1682 1682 1682 1682 1682 1682 1682 1682 1682 1682 1682 1682
2425
53 338 69
15833 3131 1186
1084 2167 2306 2327 2371 2417 2417 2418 2420 2421 2425 2425 2425 2425 2425 2425 2425 2425 2425 2425 2425 2425 2425 2425 2425 2425 2425 2425 2425 2425 2425 2425 2425 2425 2425 2425 2425 2425 2425 2425 2425 2425 2425 2425 2425 2425 2425 2425 2425 2425 2425 2425 2425
1874
97 130 80
31988 15255 4676
496 535 1812 1845 1857 1874 1874 1874 1874 1874 1874 1874 1874 1874 1874 1874 1874 1874 1874 1874 1874 1874 1874 1874 1874 1874 1874 1874 1874 1874 1874 1874 1874 1874 1874 1874 1874 1874 1874 1874 1874 1874 1874 1874 1874 1874 1874 1874 1874 1874 1874 1874 1874 1874 1874 1874 1874 1874 1874 1874 1874 1874 1874 1874 1874 1874 1874 1874 1874 1874 1874 1874 1874 1874 1874 1874 1874 1874 1874 1874 1874 1874 1874 1874 1874 1874 1874 1874 1874 1874 1874 1874 1874 1874 1874 1874 1874
1849
28 539 43
26268 10927 16213
702 1231 1630 1773 1787 1788 1802 1840 1840 1844 1849 1849 1849 1849 1849 1849 1849 1849 1849 1849 1849 1849 1849 1849 1849 1849 1849 1849
7358
19 642 66
15075 24747 27063
1753 5494 7290 7357 7357 7358 7358 7358 7358 7358 7358 7358 7358 7358 7358 7358 7358 7358 7358
4483
92 136 84
24514 16914 538
520 1644 4087 4255 4294 4316 4441 4453 4463 4466 4475 4480 4483 4483 4483 4483 4483 4483 4483 4483 4483 4483 4483 4483 4483 4483 4483 4483 4483 4483 4483 4483 4483 4483 4483 4483 4483 4483 4483 4483 4483 4483 4483 4483 4483 4483 4483 4483 4483 4483 4483 4483 4483 4483 4483 4483 4483 4483 4483 4483 4483 4483 4483 4483 4483 4483 4483 4483 4483 4483 4483 4483 4483 4483 4483 4483 4483 4483 4483 4483 4483 4483 4483 4483 4483 4483 4483 4483 4483 4483 4483 4483
1264
40 190 24
10033 12456 24633
27 868 1040 1182 1213 1249 1262 1262 1262 1264 1264 1264 1264 1264 1264 1264 1264 1264 1264 1264 1264 1264 1264 1264 1264 1264 1264 1264 1264 1264 1264 1264 1264 1264 1264 1264 1264 1264 1264 1264
2910
25 917 91
2546 28275 12095
1572 2227 2734 2882 2909 2910 2910 2910 2910 2910 2910 2910 2910 2910 2910 2910 2910 2910 2910 2910 2910 2910 2910 2910 2910
5875
53 322 22
4451 28451 4648
502 5580 5616 5780 5834 5860 5872 5873 5875 5875 5875 5875 5875 5875 5875 5875 5875 5875 5875 5875 5875 5875 5875 5875 5875 5875 5875 5875 5875 5875 5875 5875 5875 5875 5875 5875 5875 5875 5875 5875 5875 5875 5875 5875 5875 5875 5875 5875 5875 5875 5875 5875 5875
7843
86 456 71
1492 25091 27061
189 5352 6741 7632 7663 7754 7777 7786 7815 7843 7843 7843 7843 7843 7843 7843 7843 7843 7843 7843 7843 7843 7843 7843 7843 7843 7843 7843 7843 7843 7843 7843 7843 7843 7843 7843 7843 7843 7843 7843 7843 7843 7843 7843 7843 7843 7843 7843 7843 7843 7843 7843 7843 7843 7843 7843 7843 7843 7843 7843 7843 7843 7843 7843 7843 7843 7843 7843 7843 7843 7843 7843 7843 7843 7843 7843 7843 7843 7843 7843 7843 7843 7843 7843 7843 7843
1138
57 371 51
3016 26296 10511
984 1111 1135 1135 1137 1137 1138 1138 1138 1138 1138 1138 1138 1138 1138 1138 1138 1138 1138 1138 1138 1138 1138 1138 1138 1138 1138 1138 1138 1138 1138 1138 1138 1138 1138 1138 1138 1138 1138 1138 1138 1138 1138 1138 1138 1138 1138 1138 1138 1138 1138 1138 1138 1138 1138 1138 1138
56
32 476 65
14891 29728 15139
36 48 54 56 56 56 56 56 56 56 56 56 56 56 56 56 56 56 56 56 56 56 56 56 56 56 56 56 56 56 56 56
6080
48 181 18
5364 5508 23499
4737 5207 5884 5972 6026 6043 6045 6056 6061 6065 6066 6076 6079 6079 6080 6080 6080 6080 6080 6080 6080 6080 6080 6080 6080 6080 6080 6080 6080 6080 6080 6080 6080 6080 6080 6080 6080 6080 6080 6080 6080 6080 6080 6080 6080 6080 6080 6080
2372
28 896 13
5965 16699 23214
799 880 1578 1701 2214 2244 2317 2339 2340 2354 2372 2372 2372 2372 2372 2372 2372 2372 2372 2372 2372 2372 2372 2372 2372 2372 2372 2372
432
78 14 15
2583 30936 8247
185 324 418 422 431 431 432 432 432 432 432 432 432 432 432 432 432 432 432 432 432 432 432 432 432 432 432 432 432 432 432 432 432 432 432 432 432 432 432 432 432 432 432 432 432 432 432 432 432 432 432 432 432 432 432 432 432 432 432 432 432 432 432 432 432 432 432 432 432 432 432 432 432 432 432 432 432 432
2744
43 617 56
31109 27368 4142
1950 2154 2665 2673 2716 2725 2737 2744 2744 2744 2744 2744 2744 2744 2744 2744 2744 2744 2744 2744 2744 2744 2744 2744 2744 2744 2744 2744 2744 2744 2744 2744 2744 2744 2744 2744 2744 2744 2744 2744 2744 2744 2744
979
57 594 64
28107 18112 25412
611 931 937 942 974 974 979 979 979 979 979 979 979 979 979 979 979 979 979 979 979 979 979 979 979 979 979 979 979 979 979 979 979 979 979 979 979 979 979 979 979 979 979 979 979 979 979 979 979 979 979 979 979 979 979 979 979
1477
83 696 53
13479 3934 13782
1137 1432 1471 1471 1473 1475 1477 1477 1477 1477 1477 1477 1477 1477 1477 1477 1477 1477 1477 1477 1477 1477 1477 1477 1477 1477 1477 1477 1477 1477 1477 1477 1477 1477 1477 1477 1477 1477 1477 1477 1477 1477 1477 1477 1477 1477 1477 1477 1477 1477 1477 1477 1477 1477 1477 1477 1477 1477 1477 1477 1477 1477 1477 1477 1477 1477 1477 1477 1477 1477 1477 1477 1477 1477 1477 1477 1477 1477 1477 1477 1477 1477 1477
