8053
10267
28753
26472
28778
12865
7956
9924
13738
9675
4827
6019
22904
18814
9897
23205
8869
2938
2155
15739
25615
692
1171
26299
17768
9383
13572
22992
2361
839
5934
17523
29734
10039
19834
19071
14707
23099
4072
17409
4295
30192
4086
8591
22832
2747
21445
27356
28008
29439
19575
2953
3415
9875
11227
25149
216
25203
15692
17911
22464
30901
17878
30115
27421
23743
12187
9708
955
16312
1141
8530
18925
20796
31709
11900
25225
30804
8204
12495
23861
6309
20063
14143
22497
14311
5888
28005
31637
6041
16323
8914
13933
5875
28238
23716
22242
28957
15741
9559
27722
11166
16901
3805
4258
18711
16983
6896
32652
5169
9671
32167
7828
5844
24301
28231
23223
4506
21835
31324
32550
1923
4657
3849
26951
12778
13534
11421
15869
28855
29160
30822
1065
2775
8670
8394
18545
21225
9003
18323
11840
1082
4925
26251
4621
27636
8935
25161
8417
12946
2564
16202
2323
22935
24158
11588
10326
16768
20942
23734
23287
19447
7076
21188
20575
28233
4424
12098
2271
18458
12834
6415
24749
4696
10936
17572
19497
31341
4886
18668
10597
15801
27763
13911
19173
6463
8721
9258
8099
24990
4453
10265
7254
22340
23928
27671
18932
2782
4493
22125
7542
26130
22276
30729
31963
11377
17022
13593
5487
2215
31810
23513
26445
31221
18400
7593
10787
13794
12052
7779
28469
21037
21484
3563
9381
19205
11821
8
24049
14716
14324
30322
1469
20026
19865
20780
23763
25710
17624
6419
27240
16651
32563
22712
16801
21040
31634
30571
16469
743
11053
19096
11029
30483
3499
20823
19049
17316
22667
20030
27997
30477
11716
13177
30012
1528
9640
5405
20124
28728
12302
5562
31642
12799
4272
304
4967
21841
31442
2499
23300
14264
4133
23409
23369
22586
18154
31106
6188
16776
31578
6754
19776
25720
12358
30124
21372
30389
17147
14471
5182
10677
5736
5173
11663
19948
31107
6889
11177
13888
19688
24281
31671
28604
11203
1941
31707
8584
7153
20887
19573
10521
2402
11291
18083
18085
4290
26929
15364
28122
23896
13328
25538
3791
7726
16813
6351
27451
22130
28556
19822
19429
3356
17622
22518
10843
8145
2477
31954
8935
15623
26812
22989
17087
18795
20242
5773
1660
13439
32304
32348
7373
136
1120
26415
16749
423
3913
2528
17490
6214
19649
12223
4392
27317
19938
22857
19197
25109
8288
16951
20542
28278
4633
26299
15074
22076
21230
28166
12517
5319
26834
7693
6392
3155
10784
15501
1911
3868
12850
332
30619
966
1071
32163
9457
10493
20516
7481
6410
15449
3671
9233
16756
2180
25816
19911
8682
7838
2904
29206
30408
16096
8510
21150
23490
13440
10744
30180
19156
10453
9103
13211
1916
12732
27519
22050
18984
7994
26053
30029
16362
19555
6713
28264
12915
30586
15390
7545
27711
25945
20472
15302
11533
21523
25501
1943
17042
217
3215
6461
6510
17690
8329
2387
23135
3822
23640
19524
26549
14517
27884
26382
20230
1019
3759
24901
802
15264
14102
6234
29257
16693
31861
22557
19612
2472
12311
23681
3794
19748
24206
8351
9516
28211
10824
7934
15019
23590
13411
26386
2176
29878
1986
11266
14788
10475
14945
12463
14185
26941
14565
13553
28785
7418
28792
18467
29277
10471
19155
9443
26089
18730
12444
31251
17398
16999
1523
17699
22216
11818
21832
8595
23409
26245
7279
12723
22413
21754
28662
1198
30512
10394
26806
7622
1821
14191
4008
225
24377
3864
15354
26693
20799
30899
5986
1952
28596
29696
15539
75
16670
28098
9390
27343
13169
13673
21786
6569
25546
30191
1559
31050
3679
13824
12719
12642
15030
9053
16814
27486
30742
11650
20403
25135
15932
13191
11144
8014
17998
18756
7087
2301
28693
22456
3133
9679
1894
7340
8172
14698
32225
19859
22379
7820
27871
25013
17144
588
29605
18316
29233
25763
17886
2414
5671
554
32328
9581
2485
2853
2477
7292
13328
19393
15893
31955
31134
10650
29242
27540
12044
6784
10556
29102
17051
30843
9878
4097
4026
22284
32337
24260
4314
15798
30071
15396
25470
27581
18123
20014
21137
2350
8119
23535
23293
26911
27014
16858
24185
16696
13011
1386
30882
31347
19777
19464
10830
32543
29549
14638
20253
10795
2849
30669
4433
15265
22475
29420
20447
30321
12589
402
10949
19312
4693
2535
10655
13728
5328
24470
12405
11186
11291
24949
14040
19145
13658
6760
29997
7809
12108
27011
31816
10800
11903
30062
27453
5996
25024
28430
14194
11725
15062
26465
15097
30707
3952
15530
32029
14795
18011
25295
26939
7183
25848
2815
26580
12556
4334
28311
3551
13992
23068
16711
22116
14755
24786
3697
6726
32285
11328
1489
14945
20825
17710
31587
12244
10432
26862
7809
30368
12841
26767
11340
1651
14679
2132
8526
19902
1731
29540
11870
25357
7068
6083
29891
24728
28429
32385
19868
7701
4286
29746
8319
15569
21661
5534
3424
14847
27614
5305
28084
31568
3904
18901
28887
2500
7827
25878
22443
28351
22903
21542
4995
26463
5478
12331
19519
25101
5365
18422
4536
31314
25686
6781
15454
26348
24354
21900
16671
3618
17237
11447
31883
13396
30107
7315
14646
30934
23242
28198
30046
5375
27311
3739
11214
4476
24589
3898
9218
26090
10723
24984
3468
13989
494
9227
27319
9434
19567
4705
3689
25828
9518
28370
12622
3797
15807
30514
25138
23890
28932
14956
21935
20133
12275
25131
22793
23565
11161
17626
27734
15192
24671
21455
18402
24244
26253
14787
20689
9923
11276
15750
16646
31469
31600
15600
1604
15354
29750
21531
7315
17632
22601
1231
26598
28121
21195
29246
20730
17849
7187
1266
10625
30079
7922
2819
7040
554
827
10381
10230
24782
16770
11361
30910
4326
9251
7419
2486
12524
22919
4533
27937
16679
31650
11322
12106
2245
12480
17980
7531
20777
18818
10090
29644
27526
35
22428
14127
13485
15616
24913
15724
2851
1112
6236
10585
27511
29008
14554
24044
9938
25146
29287
11428
26576
14870
13202
17188
31118
23385
18830
7202
1285
16366
10282
30591
14486
21115
28162
7607
3557
27877
30967
29308
8683
8214
7902
6814
21319
10494
24181
14638
6869
14039
7323
2019
21122
26286
16832
20156
24159
6175
19354
32487
27636
32608
10009
29922
15318
6273
26270
9696
10620
24561
10344
15470
25934
