100
2 3 4 5 6 
2 3 4 5 6
2 3 5 6 7
2 3 5 6 7
2 2 3 4 5
2 2 3 4 5
2 2 3 3 4
2 2 3 3 4 
14 3 2 7 4 
6 5 13 14 13 
7 8 10 11 6 
12 10 8 8 5 
14 7 10 4 6 
8 11 8 3 4 
7 8 6 14 7 
6 8 5 2 7 
4 11 3 8 7 
10 7 10 13 10 
12 11 10 8 14 
13 12 9 8 6 
6 12 7 12 8 
14 3 11 9 8 
14 7 10 7 6 
7 6 8 9 14 
4 5 2 6 6 
2 10 10 6 12 
11 5 10 7 5 
14 2 9 11 10 
7 11 9 4 7 
11 11 10 3 7 
13 5 13 7 9 
10 13 9 7 4 
3 11 14 12 14 
14 3 12 5 6 
4 14 14 5 9 
6 12 10 12 9 
3 9 11 9 12 
3 4 7 13 2 
7 4 6 12 7 
7 9 2 2 7 
11 9 12 7 4 
5 2 8 12 5 
10 13 14 10 2 
10 2 8 2 12 
3 7 13 6 2 
12 10 14 4 14 
3 14 4 8 8 
6 2 4 11 8 
10 13 8 7 10 
9 8 14 9 9 
7 2 9 13 10 
9 9 10 2 13 
6 14 9 14 11 
10 13 11 8 11 
3 5 3 5 9 
5 11 2 14 4 
5 12 9 11 8 
6 10 6 2 5 
10 11 4 7 9 
12 10 7 13 6 
9 12 6 2 7 
12 4 6 11 4 
14 14 9 5 4 
6 12 10 2 10 
2 7 3 9 12 
8 9 14 8 5 
14 3 4 4 12 
5 7 11 8 10 
8 11 13 3 6 
2 14 4 13 14 
10 11 11 4 6 
3 10 3 9 3 
9 5 2 7 14 
14 12 7 4 11 
13 3 5 13 13 
4 8 7 9 2 
13 12 4 5 2 
12 14 10 7 4 
5 13 5 5 4 
12 11 13 10 11 
9 6 8 13 5 
14 14 2 2 9 
7 10 8 7 14 
9 12 8 7 13 
10 10 5 11 3 
13 10 9 4 11 
7 10 6 10 12 
13 11 9 3 7 
14 13 8 7 5 
10 4 3 13 6 
9 9 6 4 2 
2 9 6 10 12 
2 6 12 4 8 
8 9 7 8 6 
5 9 9 11 3 
14 14 9 8 14 
14 7 3 6 6 
10 5 11 4 3 
2 3 10 5 2 
12 8 13 6 10 
13 14 9 2 13 
2 3 9 10 6 
5 7 10 13 5 
4 13 12 2 13 
2 3 9 4 3 
9 7 3 8 9 
8 14 3 14 8 
8 4 10 9 6 
5 3 7 4 8 
9 6 10 11 2 
9 2 14 7 3 
9 7 10 8 8 
12 4 14 9 2 
12 6 8 10 11 
12 4 10 12 10 
14 9 8 8 8 
6 11 12 9 9 
3 4 3 3 3 
8 11 4 13 8 
9 4 12 3 4 
8 6 11 11 9 
11 10 6 8 9 
9 4 3 8 8 
9 6 14 14 13 
4 2 13 7 10 
9 9 13 14 7 
4 7 2 5 7 
9 11 5 9 8 
7 9 14 5 4 
3 6 14 7 8 
3 12 9 2 12 
14 5 2 8 11 
5 10 10 6 9 
12 9 5 14 7 
12 6 11 4 10 
10 10 14 7 13 
4 3 12 10 7 
8 4 10 13 13 
6 7 10 11 3 
12 11 12 4 14 
5 11 2 12 12 
14 12 8 10 12 
6 7 7 6 10 
3 10 2 4 2 
9 3 3 3 8 
2 4 9 4 9 
8 10 3 9 12 
6 14 13 10 8 
3 3 2 5 3 
3 9 14 10 13 
2 13 8 12 8 
13 3 8 5 8 
8 9 3 7 6 
10 10 7 14 11 
10 10 14 2 10 
7 12 8 6 9 
6 11 6 12 9 
14 6 11 14 7 
9 13 13 7 9 
8 6 3 3 4 
9 14 11 13 10 
2 5 4 10 5 
4 4 8 13 6 
7 13 13 5 7 
13 6 4 12 13 
11 5 11 11 6 
2 13 14 12 4 
8 3 13 14 12 
11 5 11 8 6 
11 6 14 6 2 
8 5 12 3 7 
9 11 8 4 9 
11 3 12 3 6 
10 8 9 5 10 
7 7 10 6 5 
11 14 12 4 8 
8 9 4 5 9 
6 12 5 2 6 
14 9 4 5 11 
12 14 9 5 4 
11 11 11 8 2 
2 9 2 4 7 
11 2 2 12 13 
4 7 11 13 11 
2 13 7 6 5 
12 5 4 4 8 
7 8 3 5 9 
11 5 14 4 7 
13 8 10 9 3 
7 5 7 14 5 
8 7 12 11 8 
12 5 12 3 13 
9 8 10 5 14 
14 4 10 5 2 
14 14 14 11 2 
13 7 2 12 13 
11 13 13 13 11 
14 4 9 3 6 
12 10 14 11 14 
2 10 7 13 11 
