100
1 76 81 57
44 37 36 1
21 28 95 34
71 87 84 83
72 47 52 61
50 30 24 32
10 50 62 30
50 30 22 75
34 30 60 54
61 64 68 65
52 15 8 31
35 69 27 60
10 53 20 3
38 17 71 2
16 86 44 85
32 20 4 96
91 10 81 56
99 38 95 60
97 78 5 92
46 56 66 37
42 89 2 88
87 29 26 8
40 82 72 70
17 19 63 86
59 95 24 91
18 82 78 74
88 45 79 99
29 4 57 7
30 47 17 1
24 59 87 98
14 76 82 86
79 18 43 96
2 87 22 94
85 20 82 58
40 38 39 94
56 79 31 90
72 53 98 15
67 6 16 25
40 87 51 70
47 90 54 7
20 64 73 77
56 9 8 56
98 14 38 88
84 71 77 39
6 30 18 53
86 2 65 37
25 3 77 18
71 56 36 85
95 13 84 38
78 30 91 65
18 61 77 22
57 2 86 21
59 50 78 79
25 23 31 8
76 46 15 4
64 26 8 39
24 10 53 48
79 50 51 97
62 80 73 8
35 74 68 16
15 93 60 32
25 68 70 37
66 29 93 90
7 50 98 47
84 53 45 40
5 21 78 81
21 5 44 25
96 90 26 47
7 81 77 53
3 53 94 98
77 70 26 18
1 35 74 54
39 86 40 96
83 34 93 32
89 25 41 23
2 52 9 64
55 11 43 100
81 82 73 69
87 99 14 67
23 76 13 69
25 49 19 60
80 85 37 18
63 58 63 44
28 57 49 58
18 83 46 51
48 52 8 9
85 27 71 26
51 66 83 95
55 23 29 77
14 75 16 64
69 99 62 88
5 2 38 20
45 34 6 78
30 38 85 79
38 84 12 70
24 3 74 93
16 33 31 19
48 59 74 32
28 89 81 93
5 37 35 37
