100
25438929 202817144
691174613 832657262
467141776 844577572
95812775 298514525
404784055 770380461
605483458 582942314
484035556 310496628
924526358 470296055
171453550 844227417
298703562 286961620
863143019 385646620
250057466 883295655
143088715 296288715
502817384 503605137
858467926 475274930
99543442 136851875
114460382 737759403
744670215 137591983
816037303 101343551
912469936 494452897
301087761 910509989
120383442 940854570
813626901 244422783
24964011 249278415
29192449 449675530
701662111 2377094
90074984 500225303
681151288 21842100
466411413 454268513
379494678 933583328
219451908 891757629
275059962 193451115
42631441 394557630
693547246 54794447
245726516 107463003
889906066 575116748
956250261 77989320
239933273 731697086
934523452 633225378
837440355 45185819
21810667 499643473
639752713 666188634
800103021 581838205
461649838 883372427
285912072 48753890
215342917 551422596
13112292 334942844
622702093 859226992
140973888 112129678
220322921 498487591
540196762 319081190
530876965 802064311
332984530 921573400
232054830 108186630
167003173 61185176
842052960 259826762
867096355 257371715
407310719 286349369
162975050 79998619
4988283 879171920
554951274 337544969
259460381 358803251
65120553 57436073
107904602 869409518
479996610 147407910
874555082 269166300
70405290 624159883
590499758 7483113
7590437 309396189
963822330 492734183
686454043 950932211
744352497 240156498
981450945 217101780
47861979 50358847
858524961 79357106
960497527 447344984
186881135 290127225
25870010 5544570
638752941 42889806
87425822 486959000
259717477 384848429
719763211 284886920
353398471 421296267
472758504 110149669
740523519 104011240
651162372 302282864
314748218 721060559
614578286 968377573
536270570 110586725
57715614 156677826
469253554 184513488
944768320 227051516
123855534 166762698
314489145 661787942
852116575 102301023
824832664 955625657
170204480 178460750
502637232 416252698
604840201 154635081
496576691 842976589
