100
1 1
1 30000
30000 1
2 5
3 3
19747 3355
11865 29941
17647 1405
1263 16053
27775 26324
6877 21999
17704 20596
957 17160
3294 14094
16426 15904
13306 3096
2683 13033
3476 23077
13902 16787
27042 2675
10894 1212
22638 10638
18889 8677
7815 1506
25368 6564
4358 22514
25436 20056
20366 1727
10210 19290
16991 16133
19676 15644
364 8955
10089 17552
16396 28152
19605 18475
8579 28118
11691 11009
23844 15294
19205 1211
5870 5944
6014 28398
1713 7419
11680 13352
21601 2182
20005 13794
18998 15484
28248 4850
28910 13083
21517 26177
24413 14167
14245 14271
25091 22733
15249 20300
16199 15875
23372 29819
5206 22322
8799 22465
15805 9725
28143 19016
19668 28446
9465 16331
27897 5744
24480 18528
9317 28856
5404 11334
23011 9665
21606 28172
5178 25487
18359 14722
4088 8972
15083 24625
26533 28745
14835 1224
12577 1114
29969 5840
20494 1237
8587 22577
20584 9498
905 26358
11967 27344
18400 29373
17945 8932
22669 14841
15118 20097
11014 22863
26896 15960
8366 23189
20812 1248
10556 398
223 9303
6303 15170
23049 10077
15499 13266
6229 5163
11929 4994
10414 10248
16120 21986
395 27268
21358 14257
19037 6530
